pot 1 0 0 0 0 0 0 0 0 0 0 0 0 0 0
water 146 0 0 0 0 0 0 0 0 0 0 0 0 0 11
health 0 148 148 148 148 148 148 148 148 148 148 148 148 148 148
plantstage 3 -1 -1 -1 -1 -1 -1 -1 -1 -1 -1 -1 -1 -1 -1
waterbucket 1
mini 2 4 0 4 2 -1 -1 2
box 1
seed 1 4 4 1 4 4 4 1 2 0 -1 -1 -1 -1 -1 -1 -1 -1 -1 -1 -1 -1 -1 -1 -1 -1 -1 -1 -1 -1 -1 -1 -1 -1 -1 -1 -1 -1 -1 -1 -1 -1 -1 -1 -1 -1 -1 -1 -1 -1 -1 -1 -1 -1 -1 -1 -1 -1 -1 -1 -1 -1 -1 -1 -1 -1 -1 -1 -1 -1 -1 -1 -1 -1 -1 -1 -1 -1 -1 -1 -1 -1 -1 -1 -1 -1 -1 -1 -1 -1 -1 -1 -1 -1 -1 -1 -1 -1 -1 -1 -1 -1 -1 -1 -1 -1 -1 -1 -1 -1 -1 -1 -1 -1 -1 -1 -1 -1 -1 -1
age 3 -1 -1 -1 -1 -1 -1 -1 -1 -1 -1 -1 -1 -1 -1
type 4 -1 -1 -1 -1 -1 -1 -1 -1 -1 -1 -1 -1 -1 -1
dose 3 0 3
carry -1 -1 -1 -1 -1 -1 -1 -1 -1 -1 -1 -1 -1 -1 -1
money 510
achieve 1,1000,10 1,5,0 1,5,1 1,5,0
