pot 0 0 1 0 0 0 0 0 0 0 0 0 0 0 0
water 139 139 140 0 0 0 0 0 0 0 0 0 0 0 78
health 78 148 148 148 148 148 148 148 148 148 148 148 148 148 148
plantstage -1 -1 3 1 1 1 1 1 1 1 1 1 1 1 1
waterbucket 2
mini 3 4 2 3 3 -1 -1 -1
box 2
seed 1 3 2 1 2 4 2 3 1 0 2 -1 2 2 -1 -1 -1 -1 -1 -1 -1 -1 -1 -1 -1 -1 -1 -1 -1 -1 -1 -1 -1 -1 -1 -1 -1 -1 -1 -1 2 -1 -1 -1 -1 -1 -1 -1 -1 -1 -1 -1 -1 -1 -1 -1 -1 -1 -1 -1 -1 -1 -1 -1 -1 -1 -1 -1 -1 -1 -1 -1 -1 -1 -1 -1 -1 -1 -1 -1 -1 -1 -1 -1 -1 -1 -1 -1 -1 -1 -1 -1 -1 -1 -1 -1 -1 -1 -1 -1 -1 -1 -1 -1 -1 -1 -1 -1 -1 -1 -1 -1 -1 -1 -1 -1 -1 -1 -1 -1
age -1 -1 23 -1 -1 -1 -1 -1 -1 -1 -1 -1 -1 -1 -1
type -1 -1 4 -1 -1 -1 -1 -1 -1 -1 -1 -1 -1 -1 -1
dose 3 -27 3
carry 0 -1 0 -1 -1 -1 -1 -1 -1 -1 -1 -1 -1 -1 -1
money -1075
achieve 1,1000,1000 1,5,5 1,5,5 1,5,5
