pot 1 1 1 1 0 0 0 0 0 0 0 0 0 0 0
water 137 139 142 144 0 0 0 0 0 0 0 0 0 0 19
health 120 148 148 148 148 148 148 148 148 148 148 148 148 148 148
plantstage 1 0 0 0 -1 -1 -1 -1 -1 -1 -1 -1 -1 -1 -1
waterbucket 2
mini 0 0 -1 -1 -1 -1 -1 -1
box 2
seed 2 4 0 0 0 2 -1 0 0 2 4 -1 -1 -1 -1 -1 -1 -1 -1 -1 -1 -1 -1 -1 -1 -1 -1 -1 -1 -1 -1 -1 -1 -1 -1 -1 -1 -1 -1 -1 -1 -1 -1 -1 -1 -1 -1 -1 -1 -1 -1 -1 -1 -1 -1 -1 -1 -1 -1 -1 -1 -1 -1 -1 -1 -1 -1 -1 -1 -1 -1 -1 -1 -1 -1 -1 -1 -1 -1 -1 -1 -1 -1 -1 -1 -1 -1 -1 -1 -1 -1 -1 -1 -1 -1 -1 -1 -1 -1 -1 -1 -1 -1 -1 -1 -1 -1 -1 -1 -1 -1 -1 -1 -1 -1 -1 -1 -1 -1 -1
age 22 19 13 9 -1 -1 -1 -1 -1 -1 -1 -1 -1 -1 -1
type 0 4 1 1 -1 -1 -1 -1 -1 -1 -1 -1 -1 -1 -1
dose 0 3 3
carry -1 -1 -1 -1 -1 -1 -1 -1 -1 -1 -1 -1 -1 -1 -1
money -585
achieve 1,1000,1000 1,5,5 1,5,5 1,5,5
