pot 0 0 0 0 0 0 0 0 0 0 0 0 0 0 0
water 148 134 140 0 0 0 0 0 0 0 0 0 0 0 22
health 83 70 148 148 148 148 148 148 148 148 148 148 148 148 148
plantstage -1 -1 1 1 1 1 1 1 1 1 1 1 1 1 1
waterbucket 2
mini 0 1 2 -1 4 -1 -1 -1
box 3
seed 2 1 1 -1 4 4 3 -1 4 1 1 1 1 1 -1 -1 -1 -1 -1 -1 -1 -1 -1 -1 -1 -1 -1 -1 -1 -1 -1 -1 -1 -1 -1 -1 -1 -1 -1 -1 3 -1 -1 -1 -1 -1 -1 -1 -1 -1 -1 -1 -1 -1 -1 -1 -1 -1 -1 -1 -1 -1 -1 -1 -1 -1 -1 -1 -1 -1 -1 -1 -1 -1 -1 -1 -1 -1 -1 -1 4 -1 -1 -1 -1 -1 -1 -1 -1 -1 -1 -1 -1 -1 -1 -1 -1 -1 -1 -1 -1 -1 -1 -1 -1 -1 -1 -1 -1 -1 -1 -1 -1 -1 -1 -1 -1 -1 -1 -1
age -1 -1 17 -1 -1 -1 -1 -1 -1 -1 -1 -1 -1 -1 -1
type -1 -1 0 -1 -1 -1 -1 -1 -1 -1 -1 -1 -1 -1 -1
dose 4 -27 6
carry 0 0 -1 -1 -1 -1 -1 -1 -1 -1 -1 -1 -1 -1 -1
money -3475
achieve 1,1000,20 1,5,0 1,5,2 1,5,2
